0 	   3.0025e+07
1   	    3.0025e+07   	   79   	   0
2   	    3.0025e+07   	   444   	   1
3   	    3.0025e+07   	   452   	   0
4   	    3.0025e+07   	   178   	   0
5   	    3.0025e+07   	   533   	   0
6   	    3.0025e+07   	   740   	   0
7   	    3.0025e+07   	   303   	   1
8   	    3.0025e+07   	   754   	   0
9   	    3.0025e+07   	   684   	   0
10   	    3.0025e+07   	   56   	   0
11   	    3.0025e+07   	   576   	   0
12   	    3.0025e+07   	   165   	   0
13   	    3.0025e+07   	   669   	   0
14   	    3.0025e+07   	   85   	   1
15   	    3.0025e+07   	   356   	   1
16   	    3.0025e+07   	   669   	   1
17   	    3.0025e+07   	   430   	   1
18   	    3.0025e+07   	   181   	   1
19   	    3.0025e+07   	   939   	   0
20   	    3.0025e+07   	   456   	   0
21   	    3.0025e+07   	   803   	   1
22   	    3.0025e+07   	   142   	   0
23   	    3.0025e+07   	   426   	   1
24   	    3.0025e+07   	   379   	   1
25   	    3.0025e+07   	   529   	   1
26   	    3.0025e+07   	   579   	   1
27   	    3.0025e+07   	   486   	   1
28   	    3.0025e+07   	   437   	   1
29   	    3.0025e+07   	   778   	   1
30   	    3.0025e+07   	   666   	   0
31   	    3.0025e+07   	   200   	   1
32   	    3.0025e+07   	   825   	   1
33   	    3.0025e+07   	   573   	   0
34   	    3.0025e+07   	   464   	   1
35   	    3.0025e+07   	   606   	   1
36   	    3.0025e+07   	   861   	   0
37   	    3.0025e+07   	   240   	   0
38   	    3.0025e+07   	   289   	   1
39   	    3.0025e+07   	   869   	   1
40   	    3.0025e+07   	   658   	   0
41   	    3.0025e+07   	   116   	   1
42   	    3.0025e+07   	   343   	   1
43   	    3.0025e+07   	   187   	   1
44   	    3.0025e+07   	   679   	   1
45   	    3.0025e+07   	   626   	   0
46   	    3.0025e+07   	   729   	   0
47   	    3.0025e+07   	   775   	   1
48   	    3.0025e+07   	   687   	   1
49   	    3.0025e+07   	   129   	   0
50   	    3.0025e+07   	   350   	   0
51   	    3.0025e+07   	   8   	   1
52   	    3.0025e+07   	   436   	   0
53   	    3.0025e+07   	   131   	   0
54   	    3.0025e+07   	   473   	   0
55   	    3.0025e+07   	   653   	   0
56   	    3.0025e+07   	   900   	   1
57   	    3.0025e+07   	   352   	   0
58   	    3.0025e+07   	   479   	   1
59   	    3.0025e+07   	   167   	   1
60   	    3.0025e+07   	   234   	   0
61   	    3.0025e+07   	   884   	   1
62   	    3.0025e+07   	   538   	   1
63   	    3.0025e+07   	   974   	   1
64   	    3.0025e+07   	   458   	   0
65   	    3.0025e+07   	   931   	   0
66   	    3.0025e+07   	   936   	   1
67   	    3.0025e+07   	   806   	   0
68   	    3.0025e+07   	   158   	   1
69   	    3.0025e+07   	   425   	   0
70   	    3.0025e+07   	   278   	   0
71   	    3.0025e+07   	   513   	   0
72   	    3.0025e+07   	   397   	   1
73   	    3.0025e+07   	   669   	   1
74   	    3.0025e+07   	   569   	   0
75   	    3.0025e+07   	   107   	   0
76   	    3.0025e+07   	   903   	   0
77   	    3.0025e+07   	   267   	   0
78   	    3.0025e+07   	   731   	   0
79   	    3.0025e+07   	   698   	   1
80   	    3.0025e+07   	   165   	   1
81   	    3.0025e+07   	   184   	   0
82   	    3.0025e+07   	   693   	   1
83   	    3.0025e+07   	   266   	   0
84   	    3.0025e+07   	   15   	   1
85   	    3.0025e+07   	   302   	   1
86   	    3.0025e+07   	   268   	   0
87   	    3.0025e+07   	   339   	   0
88   	    3.0025e+07   	   694   	   1
89   	    3.0025e+07   	   984   	   0
90   	    3.0025e+07   	   463   	   0
91   	    3.0025e+07   	   628   	   1
92   	    3.0025e+07   	   239   	   0
93   	    3.0025e+07   	   285   	   1
94   	    3.0025e+07   	   889   	   1
95   	    3.0025e+07   	   228   	   1
96   	    3.0025e+07   	   917   	   0
97   	    3.0025e+07   	   129   	   1
98   	    3.0025e+07   	   791   	   1
99   	    3.0025e+07   	   794   	   0
100   	    3.0025e+07   	   322   	   1
101   	    3.0025e+07   	   535   	   0
102   	    3.0025e+07   	   942   	   0
103   	    3.0025e+07   	   533   	   1
104   	    3.0025e+07   	   217   	   0
105   	    3.0025e+07   	   106   	   0
106   	    3.0025e+07   	   11   	   0
107   	    3.0025e+07   	   922   	   0
108   	    3.0025e+07   	   749   	   1
109   	    3.0025e+07   	   114   	   0
110   	    3.0025e+07   	   908   	   0
111   	    3.0025e+07   	   583   	   1
112   	    3.0025e+07   	   111   	   0
113   	    3.0025e+07   	   837   	   1
114   	    3.0025e+07   	   441   	   1
115   	    3.0025e+07   	   578   	   1
116   	    3.0025e+07   	   923   	   0
117   	    3.0025e+07   	   847   	   0
118   	    3.0025e+07   	   41   	   0
119   	    3.0025e+07   	   365   	   1
120   	    3.0025e+07   	   543   	   0
121   	    3.0025e+07   	   686   	   1
122   	    3.0025e+07   	   1   	   1
123   	    3.0025e+07   	   734   	   1
124   	    3.0025e+07   	   183   	   0
125   	    3.0025e+07   	   977   	   0
126   	    3.0025e+07   	   555   	   0
127   	    3.0025e+07   	   830   	   1
128   	    3.0025e+07   	   688   	   0
129   	    3.0025e+07   	   669   	   1
130   	    3.0025e+07   	   579   	   1
131   	    3.0025e+07   	   777   	   1
132   	    3.0025e+07   	   916   	   0
133   	    3.0025e+07   	   8   	   0
134   	    3.0025e+07   	   683   	   0
135   	    3.0025e+07   	   828   	   0
136   	    3.0025e+07   	   33   	   1
137   	    3.0025e+07   	   736   	   1
138   	    3.0025e+07   	   639   	   0
139   	    3.0025e+07   	   650   	   0
140   	    3.0025e+07   	   836   	   1
141   	    3.0025e+07   	   34   	   1
142   	    3.0025e+07   	   471   	   1
143   	    3.0025e+07   	   739   	   1
144   	    3.0025e+07   	   99   	   1
145   	    3.0025e+07   	   782   	   1
146   	    3.0025e+07   	   886   	   0
147   	    3.0025e+07   	   720   	   0
148   	    3.0025e+07   	   808   	   1
149   	    3.0025e+07   	   447   	   0
150   	    3.0025e+07   	   97   	   0
151   	    3.0025e+07   	   285   	   0
152   	    3.0025e+07   	   52   	   0
153   	    3.0025e+07   	   948   	   0
154   	    3.0025e+07   	   87   	   0
155   	    3.0025e+07   	   821   	   1
156   	    3.0025e+07   	   954   	   0
157   	    3.0025e+07   	   564   	   0
158   	    3.0025e+07   	   911   	   0
159   	    3.0025e+07   	   793   	   0
160   	    3.0025e+07   	   830   	   1
161   	    3.0025e+07   	   709   	   1
162   	    3.0025e+07   	   100   	   1
163   	    3.0025e+07   	   448   	   0
164   	    3.0025e+07   	   741   	   0
165   	    3.0025e+07   	   7   	   1
166   	    3.0025e+07   	   90   	   1
167   	    3.0025e+07   	   236   	   0
168   	    3.0025e+07   	   110   	   0
169   	    3.0025e+07   	   757   	   1
170   	    3.0025e+07   	   985   	   0
171   	    3.0025e+07   	   23   	   1
172   	    3.0025e+07   	   365   	   0
173   	    3.0025e+07   	   817   	   1
174   	    3.0025e+07   	   617   	   1
175   	    3.0025e+07   	   202   	   1
176   	    3.0025e+07   	   241   	   0
177   	    3.0025e+07   	   437   	   1
178   	    3.0025e+07   	   809   	   0
179   	    3.0025e+07   	   868   	   1
180   	    3.0025e+07   	   75   	   0
181   	    3.0025e+07   	   833   	   1
182   	    3.0025e+07   	   170   	   0
183   	    3.0025e+07   	   545   	   1
184   	    3.0025e+07   	   82   	   1
185   	    3.0025e+07   	   352   	   0
186   	    3.0025e+07   	   969   	   0
187   	    3.0025e+07   	   680   	   0
188   	    3.0025e+07   	   751   	   0
189   	    3.0025e+07   	   560   	   0
190   	    3.0025e+07   	   780   	   0
191   	    3.0025e+07   	   102   	   1
192   	    3.0025e+07   	   374   	   1
193   	    3.0025e+07   	   12   	   0
194   	    3.0025e+07   	   558   	   1
195   	    3.0025e+07   	   992   	   0
196   	    3.0025e+07   	   637   	   1
197   	    3.0025e+07   	   146   	   0
198   	    3.0025e+07   	   897   	   1
199   	    3.0025e+07   	   436   	   1
200   	    3.0025e+07   	   458   	   0
201   	    3.0025e+07   	   591   	   1
202   	    3.0025e+07   	   455   	   0
203   	    3.0025e+07   	   297   	   1
204   	    3.0025e+07   	   66   	   1
205   	    3.0025e+07   	   621   	   0
206   	    3.0025e+07   	   62   	   0
207   	    3.0025e+07   	   856   	   0
208   	    3.0025e+07   	   323   	   1
209   	    3.0025e+07   	   787   	   1
210   	    3.0025e+07   	   949   	   0
211   	    3.0025e+07   	   385   	   1
212   	    3.0025e+07   	   4   	   1
213   	    3.0025e+07   	   122   	   1
214   	    3.0025e+07   	   167   	   1
215   	    3.0025e+07   	   213   	   0
216   	    3.0025e+07   	   875   	   1
217   	    3.0025e+07   	   530   	   1
218   	    3.0025e+07   	   592   	   0
219   	    3.0025e+07   	   800   	   1
220   	    3.0025e+07   	   475   	   1
221   	    3.0025e+07   	   946   	   0
222   	    3.0025e+07   	   667   	   0
223   	    2.90896e+07   	   198   	   1
224   	    2.90896e+07   	   459   	   1
225   	    2.90896e+07   	   471   	   1
226   	    2.90896e+07   	   962   	   1
227   	    2.90896e+07   	   779   	   1
228   	    2.90896e+07   	   681   	   0
229   	    2.90896e+07   	   254   	   1
230   	    2.90896e+07   	   47   	   1
231   	    2.90896e+07   	   265   	   0
232   	    2.90896e+07   	   918   	   1
233   	    2.90896e+07   	   664   	   1
234   	    2.90896e+07   	   141   	   0
235   	    2.90896e+07   	   153   	   1
236   	    2.90896e+07   	   976   	   1
237   	    2.90896e+07   	   290   	   0
238   	    2.90896e+07   	   513   	   0
239   	    2.90896e+07   	   914   	   0
240   	    2.90896e+07   	   611   	   0
241   	    2.90896e+07   	   461   	   1
242   	    2.90896e+07   	   30   	   0
243   	    2.90896e+07   	   300   	   0
244   	    2.90896e+07   	   317   	   1
245   	    2.90896e+07   	   581   	   0
246   	    2.90896e+07   	   86   	   1
247   	    2.90896e+07   	   648   	   1
248   	    2.90896e+07   	   123   	   0
249   	    2.90896e+07   	   617   	   0
250   	    2.90896e+07   	   927   	   1
251   	    2.90896e+07   	   483   	   0
252   	    2.90896e+07   	   447   	   0
253   	    2.90896e+07   	   908   	   0
254   	    2.90896e+07   	   695   	   0
255   	    2.90896e+07   	   754   	   1
256   	    2.90896e+07   	   378   	   1
257   	    2.90896e+07   	   820   	   1
258   	    2.90896e+07   	   941   	   0
259   	    2.90896e+07   	   589   	   1
260   	    2.90896e+07   	   239   	   0
261   	    2.90896e+07   	   968   	   1
262   	    2.90896e+07   	   3   	   1
263   	    2.90896e+07   	   502   	   0
264   	    2.90896e+07   	   549   	   0
265   	    2.90896e+07   	   688   	   1
266   	    2.90896e+07   	   537   	   0
267   	    2.90896e+07   	   291   	   1
268   	    2.90896e+07   	   706   	   0
269   	    2.90896e+07   	   121   	   1
270   	    2.90896e+07   	   451   	   0
271   	    2.90896e+07   	   476   	   0
272   	    2.90896e+07   	   206   	   0
273   	    2.90896e+07   	   505   	   0
274   	    2.90896e+07   	   287   	   0
275   	    2.90896e+07   	   869   	   1
276   	    2.90896e+07   	   979   	   0
277   	    2.90896e+07   	   893   	   0
278   	    2.90896e+07   	   868   	   1
279   	    2.90896e+07   	   596   	   0
280   	    2.90896e+07   	   141   	   1
281   	    2.90895e+07   	   592   	   1
282   	    2.90895e+07   	   10   	   0
283   	    2.90895e+07   	   582   	   0
284   	    2.90895e+07   	   122   	   0
285   	    2.90895e+07   	   526   	   1
286   	    2.90895e+07   	   614   	   1
287   	    2.90896e+07   	   14   	   1
288   	    2.90896e+07   	   454   	   0
289   	    2.90896e+07   	   29   	   1
290   	    2.90896e+07   	   844   	   1
291   	    2.90896e+07   	   723   	   0
292   	    2.90896e+07   	   771   	   1
293   	    2.90896e+07   	   629   	   0
294   	    2.90896e+07   	   403   	   1
295   	    2.90896e+07   	   111   	   1
296   	    2.90896e+07   	   595   	   0
297   	    2.90896e+07   	   366   	   1
298   	    2.90896e+07   	   867   	   0
299   	    2.90896e+07   	   550   	   0
300   	    2.90896e+07   	   479   	   0
301   	    2.90895e+07   	   628   	   1
302   	    2.90895e+07   	   727   	   1
303   	    2.90896e+07   	   845   	   1
304   	    2.90896e+07   	   556   	   0
305   	    2.90896e+07   	   40   	   0
306   	    2.90896e+07   	   151   	   0
307   	    2.90896e+07   	   746   	   1
308   	    2.90896e+07   	   113   	   1
309   	    2.90896e+07   	   19   	   0
310   	    2.90895e+07   	   922   	   1
311   	    2.90895e+07   	   903   	   1
312   	    2.90895e+07   	   605   	   0
313   	    2.90895e+07   	   815   	   0
314   	    2.90895e+07   	   860   	   0
315   	    2.90895e+07   	   474   	   0
316   	    2.90895e+07   	   314   	   0
317   	    2.90895e+07   	   668   	   1
318   	    2.90896e+07   	   306   	   1
319   	    2.90895e+07   	   459   	   1
320   	    2.90895e+07   	   192   	   0
321   	    2.90895e+07   	   375   	   0
322   	    2.90895e+07   	   631   	   0
323   	    2.90895e+07   	   636   	   0
324   	    2.90895e+07   	   72   	   0
325   	    2.90895e+07   	   1   	   1
326   	    2.90895e+07   	   839   	   0
327   	    2.90895e+07   	   366   	   1
328   	    2.90895e+07   	   746   	   1
329   	    2.90895e+07   	   196   	   1
330   	    2.90895e+07   	   524   	   1
331   	    2.90895e+07   	   766   	   0
332   	    2.90895e+07   	   183   	   0
333   	    2.90895e+07   	   487   	   1
334   	    2.90895e+07   	   8   	   0
335   	    2.90895e+07   	   598   	   1
336   	    2.90895e+07   	   625   	   1
337   	    2.90895e+07   	   916   	   0
338   	    2.90895e+07   	   574   	   1
339   	    2.90895e+07   	   162   	   0
340   	    2.90895e+07   	   358   	   0
341   	    2.90895e+07   	   532   	   0
342   	    2.90895e+07   	   250   	   0
343   	    2.90895e+07   	   992   	   1
344   	    2.90896e+07   	   716   	   1
345   	    2.90896e+07   	   429   	   0
346   	    2.90896e+07   	   213   	   0
347   	    2.90896e+07   	   351   	   0
348   	    2.90895e+07   	   977   	   1
349   	    2.90895e+07   	   36   	   1
350   	    2.90895e+07   	   865   	   1
351   	    2.90895e+07   	   116   	   0
352   	    2.90895e+07   	   84   	   1
353   	    2.90895e+07   	   170   	   1
354   	    2.90895e+07   	   87   	   0
355   	    2.90895e+07   	   196   	   0
356   	    2.90895e+07   	   54   	   0
357   	    2.90895e+07   	   88   	   0
358   	    2.90895e+07   	   589   	   1
359   	    2.90895e+07   	   892   	   0
360   	    2.90895e+07   	   595   	   0
361   	    2.90895e+07   	   812   	   0
362   	    2.90895e+07   	   740   	   0
363   	    2.90895e+07   	   201   	   1
364   	    2.90895e+07   	   193   	   1
365   	    2.90895e+07   	   632   	   1
366   	    2.90895e+07   	   829   	   0
367   	    2.90895e+07   	   235   	   0
368   	    2.90895e+07   	   675   	   1
369   	    2.90895e+07   	   432   	   1
370   	    2.90895e+07   	   878   	   0
371   	    2.90895e+07   	   677   	   0
372   	    2.90895e+07   	   148   	   0
373   	    2.90895e+07   	   87   	   0
374   	    2.90895e+07   	   110   	   0
375   	    2.90895e+07   	   303   	   0
376   	    2.90895e+07   	   935   	   0
377   	    2.90895e+07   	   116   	   1
378   	    2.90895e+07   	   703   	   1
379   	    2.90895e+07   	   379   	   1
380   	    2.90895e+07   	   415   	   1
381   	    2.90895e+07   	   91   	   0
382   	    2.90895e+07   	   714   	   0
383   	    2.90895e+07   	   149   	   0
384   	    2.90895e+07   	   325   	   0
385   	    2.90895e+07   	   54   	   1
386   	    2.90895e+07   	   418   	   1
387   	    2.90895e+07   	   705   	   1
388   	    2.90895e+07   	   174   	   0
389   	    2.90895e+07   	   877   	   0
390   	    2.90895e+07   	   256   	   0
391   	    2.90895e+07   	   900   	   1
392   	    2.90895e+07   	   973   	   1
393   	    2.90895e+07   	   829   	   0
394   	    2.90895e+07   	   395   	   0
395   	    2.90895e+07   	   400   	   0
396   	    2.90895e+07   	   163   	   0
397   	    2.90895e+07   	   933   	   0
398   	    2.90895e+07   	   638   	   0
399   	    2.90895e+07   	   812   	   0
400   	    2.90895e+07   	   690   	   1
401   	    2.90895e+07   	   946   	   1
402   	    3.66335e+06   	   198   	   1
403   	    3.66335e+06   	   679   	   1
404   	    3.66335e+06   	   271   	   0
405   	    3.66335e+06   	   18   	   1
406   	    3.66335e+06   	   378   	   1
407   	    3.66335e+06   	   815   	   1
408   	    3.66335e+06   	   244   	   1
409   	    3.66335e+06   	   1   	   1
410   	    3.66335e+06   	   752   	   0
411   	    3.66335e+06   	   898   	   0
412   	    3.66335e+06   	   907   	   0
413   	    3.66335e+06   	   587   	   0
414   	    3.66335e+06   	   29   	   0
415   	    3.66335e+06   	   653   	   0
416   	    3.66335e+06   	   671   	   0
417   	    3.66335e+06   	   90   	   1
418   	    3.66335e+06   	   214   	   0
419   	    3.66335e+06   	   811   	   0
420   	    3.66335e+06   	   812   	   1
421   	    3.66335e+06   	   471   	   0
422   	    3.66335e+06   	   721   	   0
423   	    3.66335e+06   	   628   	   0
424   	    3.66335e+06   	   215   	   1
425   	    3.66335e+06   	   162   	   0
426   	    3.66335e+06   	   456   	   0
427   	    3.66335e+06   	   477   	   1
428   	    3.66335e+06   	   297   	   1
429   	    3.66334e+06   	   715   	   1
430   	    3.66334e+06   	   443   	   1
431   	    3.66334e+06   	   254   	   0
432   	    3.66334e+06   	   66   	   1
433   	    3.66334e+06   	   494   	   0
434   	    3.66334e+06   	   215   	   0
435   	    3.66334e+06   	   843   	   1
436   	    3.66334e+06   	   154   	   1
437   	    3.66334e+06   	   735   	   0
438   	    3.66334e+06   	   938   	   1
439   	    3.66334e+06   	   962   	   1
440   	    3.66334e+06   	   235   	   0
441   	    3.66334e+06   	   303   	   0
442   	    3.66334e+06   	   394   	   1
443   	    3.66334e+06   	   431   	   1
444   	    3.66334e+06   	   271   	   0
445   	    3.66334e+06   	   583   	   0
446   	    3.66334e+06   	   488   	   0
447   	    3.66334e+06   	   642   	   0
448   	    3.66334e+06   	   311   	   0
449   	    3.66334e+06   	   788   	   0
450   	    3.66334e+06   	   390   	   1
451   	    3.66334e+06   	   871   	   1
452   	    3.66334e+06   	   516   	   0
453   	    3.66334e+06   	   262   	   1
454   	    3.66334e+06   	   45   	   1
455   	    3.66334e+06   	   316   	   0
456   	    3.66334e+06   	   252   	   1
457   	    3.66334e+06   	   740   	   0
458   	    3.66334e+06   	   382   	   0
459   	    3.66334e+06   	   46   	   1
460   	    3.66334e+06   	   953   	   1
461   	    3.66334e+06   	   763   	   1
462   	    3.66334e+06   	   551   	   1
463   	    3.66335e+06   	   67   	   1
464   	    3.66335e+06   	   682   	   1
465   	    3.66335e+06   	   727   	   1
466   	    3.66335e+06   	   42   	   0
467   	    3.66335e+06   	   820   	   0
468   	    3.66334e+06   	   243   	   1
469   	    3.66334e+06   	   546   	   0
470   	    3.66334e+06   	   594   	   0
471   	    3.66334e+06   	   305   	   0
472   	    3.66334e+06   	   643   	   0
473   	    3.66334e+06   	   194   	   0
474   	    3.66334e+06   	   613   	   1
475   	    3.66335e+06   	   430   	   1
476   	    3.66335e+06   	   153   	   0
477   	    3.66335e+06   	   195   	   1
478   	    3.66335e+06   	   768   	   1
479   	    3.66335e+06   	   571   	   0
480   	    3.66335e+06   	   469   	   0
481   	    3.66335e+06   	   415   	   0
482   	    3.66335e+06   	   721   	   1
483   	    3.66335e+06   	   157   	   1
484   	    3.66335e+06   	   441   	   0
485   	    3.66335e+06   	   227   	   1
486   	    3.66335e+06   	   914   	   0
487   	    3.66335e+06   	   690   	   0
488   	    3.66335e+06   	   857   	   1
489   	    3.66335e+06   	   21   	   0
490   	    3.66335e+06   	   792   	   0
491   	    3.66335e+06   	   599   	   0
492   	    3.66335e+06   	   880   	   0
493   	    3.66335e+06   	   330   	   0
494   	    3.66335e+06   	   839   	   0
495   	    3.66335e+06   	   280   	   0
496   	    3.66335e+06   	   859   	   1
497   	    3.66335e+06   	   596   	   0
498   	    3.66335e+06   	   638   	   0
499   	    3.66335e+06   	   848   	   0
500   	    3.66335e+06   	   825   	   0
501   	    3.66335e+06   	   726   	   1
502   	    3.66335e+06   	   96   	   0
503   	    3.66335e+06   	   233   	   1
504   	    3.66335e+06   	   868   	   0
505   	    3.66335e+06   	   707   	   0
506   	    3.66335e+06   	   340   	   1
507   	    3.66335e+06   	   13   	   1
508   	    3.66335e+06   	   623   	   0
509   	    3.66335e+06   	   562   	   0
510   	    3.66335e+06   	   455   	   1
511   	    3.66335e+06   	   369   	   1
512   	    3.66335e+06   	   309   	   1
513   	    3.66335e+06   	   352   	   0
514   	    3.66335e+06   	   448   	   1
515   	    3.66335e+06   	   33   	   0
516   	    3.66335e+06   	   477   	   1
517   	    3.66335e+06   	   848   	   1
518   	    3.66335e+06   	   537   	   0
519   	    3.66335e+06   	   88   	   1
520   	    3.66335e+06   	   334   	   1
521   	    3.66335e+06   	   944   	   1
522   	    3.66335e+06   	   399   	   1
523   	    3.66335e+06   	   802   	   1
524   	    3.66335e+06   	   361   	   1
525   	    3.66335e+06   	   843   	   0
526   	    3.66335e+06   	   575   	   0
527   	    3.66335e+06   	   844   	   1
528   	    3.66335e+06   	   334   	   0
529   	    3.66335e+06   	   883   	   0
530   	    3.66335e+06   	   420   	   0
531   	    3.66335e+06   	   860   	   0
532   	    3.66334e+06   	   17   	   1
533   	    3.66335e+06   	   792   	   1
534   	    3.66335e+06   	   527   	   0
535   	    3.66335e+06   	   889   	   1
536   	    3.66335e+06   	   319   	   0
537   	    3.66335e+06   	   246   	   0
538   	    3.66335e+06   	   91   	   1
539   	    3.66335e+06   	   777   	   1
540   	    3.66335e+06   	   660   	   0
541   	    3.66335e+06   	   432   	   1
542   	    3.66335e+06   	   418   	   1
543   	    3.66335e+06   	   261   	   1
544   	    3.66335e+06   	   662   	   0
545   	    3.66335e+06   	   640   	   0
546   	    3.66335e+06   	   421   	   1
547   	    3.66335e+06   	   188   	   1
548   	    3.66335e+06   	   19   	   0
549   	    3.66335e+06   	   265   	   0
550   	    3.66335e+06   	   708   	   1
551   	    3.66335e+06   	   837   	   1
552   	    3.66335e+06   	   497   	   0
553   	    3.66335e+06   	   281   	   1
554   	    3.66335e+06   	   567   	   1
555   	    3.66335e+06   	   549   	   0
556   	    3.66335e+06   	   768   	   0
557   	    3.66335e+06   	   991   	   1
558   	    3.66335e+06   	   42   	   0
559   	    3.66335e+06   	   61   	   0
560   	    3.66335e+06   	   679   	   1
561   	    3.66335e+06   	   387   	   0
562   	    3.66335e+06   	   225   	   0
563   	    3.66335e+06   	   74   	   1
564   	    3.66335e+06   	   982   	   0
565   	    3.66335e+06   	   549   	   1
566   	    3.66335e+06   	   543   	   1
567   	    3.66335e+06   	   311   	   1
568   	    3.66335e+06   	   98   	   1
569   	    3.66335e+06   	   748   	   0
570   	    3.66335e+06   	   64   	   1
571   	    3.66335e+06   	   516   	   1
572   	    3.66335e+06   	   55   	   1
573   	    3.66335e+06   	   692   	   0
574   	    3.66335e+06   	   878   	   1
575   	    3.66335e+06   	   861   	   1
576   	    3.66335e+06   	   537   	   0
577   	    3.66335e+06   	   432   	   1
578   	    3.66335e+06   	   744   	   1
579   	    3.66335e+06   	   750   	   1
580   	    3.66335e+06   	   799   	   0
581   	    3.66335e+06   	   910   	   0
582   	    3.66335e+06   	   51   	   0
583   	    3.66335e+06   	   932   	   0
584   	    3.66335e+06   	   38   	   1
585   	    3.66335e+06   	   798   	   1
586   	    3.66335e+06   	   74   	   1
587   	    3.66335e+06   	   963   	   1
588   	    3.66335e+06   	   982   	   1
589   	    3.66335e+06   	   374   	   0
590   	    3.66335e+06   	   865   	   0
591   	    3.66335e+06   	   457   	   0
592   	    3.66335e+06   	   761   	   0
593   	    3.66335e+06   	   933   	   0
594   	    3.66335e+06   	   160   	   0
595   	    3.66335e+06   	   431   	   1
596   	    3.66335e+06   	   231   	   0
597   	    3.66335e+06   	   305   	   1
598   	    3.66335e+06   	   620   	   1
599   	    3.66335e+06   	   394   	   0
600   	    3.66335e+06   	   121   	   1
601   	    3.66335e+06   	   142   	   1
602   	    3.66335e+06   	   101   	   1
603   	    3.66335e+06   	   495   	   1
604   	    3.66335e+06   	   150   	   1
605   	    3.66335e+06   	   193   	   1
606   	    3.66335e+06   	   575   	   0
607   	    3.66335e+06   	   924   	   1
608   	    3.66335e+06   	   155   	   0
609   	    3.66335e+06   	   813   	   0
610   	    3.66335e+06   	   785   	   0
611   	    3.66335e+06   	   801   	   1
612   	    3.66335e+06   	   464   	   1
613   	    3.66335e+06   	   57   	   0
614   	    3.66335e+06   	   888   	   1
615   	    3.66335e+06   	   322   	   0
616   	    3.66335e+06   	   890   	   0
617   	    3.66335e+06   	   818   	   1
618   	    3.66335e+06   	   170   	   0
619   	    3.66335e+06   	   753   	   1
620   	    3.66335e+06   	   937   	   1
621   	    3.66335e+06   	   534   	   1
622   	    3.66335e+06   	   877   	   0
623   	    3.66335e+06   	   693   	   1
624   	    3.66335e+06   	   847   	   1
625   	    3.66335e+06   	   149   	   0
626   	    3.66335e+06   	   360   	   1
627   	    3.66335e+06   	   618   	   1
628   	    3.66335e+06   	   172   	   1
629   	    3.66335e+06   	   873   	   1
630   	    3.66335e+06   	   120   	   0
631   	    3.66335e+06   	   733   	   0
632   	    3.66335e+06   	   953   	   1
633   	    3.66335e+06   	   146   	   1
634   	    3.66335e+06   	   902   	   1
635   	    3.66335e+06   	   67   	   0
636   	    3.66335e+06   	   825   	   1
637   	    3.66335e+06   	   389   	   0
638   	    3.66335e+06   	   592   	   0
639   	    3.66335e+06   	   764   	   0
640   	    3.66335e+06   	   810   	   1
641   	    3.66335e+06   	   12   	   1
642   	    3.66335e+06   	   745   	   1
643   	    3.66335e+06   	   50   	   0
644   	    3.66335e+06   	   196   	   0
645   	    3.66335e+06   	   450   	   0
646   	    3.66335e+06   	   869   	   0
647   	    3.66335e+06   	   694   	   1
648   	    3.66335e+06   	   742   	   0
649   	    3.66335e+06   	   334   	   0
650   	    3.66335e+06   	   450   	   1
651   	    3.66335e+06   	   260   	   0
652   	    3.66335e+06   	   871   	   0
653   	    3.66335e+06   	   867   	   1
654   	    3.66335e+06   	   461   	   1
655   	    3.66335e+06   	   954   	   0
656   	    3.66335e+06   	   486   	   1
657   	    3.66335e+06   	   835   	   1
658   	    3.66335e+06   	   866   	   1
659   	    3.66335e+06   	   375   	   0
660   	    3.66335e+06   	   974   	   1
661   	    3.66335e+06   	   95   	   0
662   	    3.66335e+06   	   527   	   0
663   	    3.66335e+06   	   504   	   0
664   	    3.66335e+06   	   156   	   0
665   	    3.66335e+06   	   87   	   0
666   	    3.66335e+06   	   41   	   0
667   	    3.66335e+06   	   527   	   1
668   	    3.66335e+06   	   77   	   0
669   	    3.66335e+06   	   296   	   1
670   	    3.66335e+06   	   632   	   0
671   	    3.66335e+06   	   958   	   1
672   	    3.66335e+06   	   153   	   0
673   	    3.66335e+06   	   571   	   0
674   	    3.66335e+06   	   249   	   1
675   	    3.66335e+06   	   531   	   0
676   	    3.66335e+06   	   475   	   0
677   	    3.66334e+06   	   232   	   1
678   	    3.66334e+06   	   778   	   0
679   	    3.66334e+06   	   306   	   0
680   	    3.66334e+06   	   21   	   0
681   	    3.66334e+06   	   628   	   0
682   	    3.66334e+06   	   813   	   0
683   	    3.66334e+06   	   318   	   1
684   	    3.66334e+06   	   815   	   1
685   	    3.66334e+06   	   763   	   0
686   	    3.66335e+06   	   553   	   1
687   	    3.66334e+06   	   203   	   1
688   	    3.66334e+06   	   561   	   1
689   	    3.66334e+06   	   735   	   0
690   	    3.66334e+06   	   123   	   0
691   	    3.66334e+06   	   941   	   0
692   	    3.66334e+06   	   702   	   0
693   	    3.66334e+06   	   523   	   1
694   	    3.66334e+06   	   559   	   1
695   	    3.66334e+06   	   179   	   1
696   	    3.66334e+06   	   749   	   0
697   	    3.66334e+06   	   240   	   0
698   	    3.66334e+06   	   881   	   1
699   	    3.66334e+06   	   442   	   0
700   	    3.66334e+06   	   530   	   0
701   	    3.66334e+06   	   5   	   0
702   	    3.66334e+06   	   946   	   0
703   	    3.66334e+06   	   1   	   0
704   	    3.66334e+06   	   876   	   1
705   	    3.66334e+06   	   395   	   1
706   	    3.66334e+06   	   856   	   0
707   	    3.66334e+06   	   957   	   1
708   	    3.66334e+06   	   197   	   1
709   	    3.66334e+06   	   289   	   0
710   	    3.66334e+06   	   402   	   1
711   	    3.66334e+06   	   624   	   0
712   	    3.66334e+06   	   602   	   1
713   	    3.66334e+06   	   558   	   1
714   	    3.66334e+06   	   983   	   0
715   	    3.66334e+06   	   140   	   0
716   	    3.66334e+06   	   839   	   0
717   	    3.66334e+06   	   695   	   0
718   	    3.66334e+06   	   5   	   0
719   	    3.66334e+06   	   202   	   1
720   	    3.66334e+06   	   633   	   1
721   	    3.66334e+06   	   859   	   0
722   	    3.66334e+06   	   614   	   0
723   	    3.66334e+06   	   375   	   0
724   	    3.66334e+06   	   435   	   0
725   	    3.66334e+06   	   847   	   1
726   	    3.66334e+06   	   524   	   0
727   	    3.66334e+06   	   644   	   1
728   	    3.66334e+06   	   143   	   0
729   	    3.66334e+06   	   148   	   0
730   	    3.66334e+06   	   703   	   1
731   	    3.66334e+06   	   688   	   1
732   	    3.66334e+06   	   547   	   1
733   	    3.66334e+06   	   162   	   0
734   	    3.66334e+06   	   889   	   1
735   	    3.66334e+06   	   676   	   1
736   	    3.66334e+06   	   876   	   0
737   	    3.66334e+06   	   12   	   1
738   	    3.66334e+06   	   618   	   1
739   	    3.66334e+06   	   310   	   0
740   	    3.66334e+06   	   215   	   0
741   	    3.66334e+06   	   404   	   0
742   	    3.66334e+06   	   646   	   0
743   	    3.66334e+06   	   996   	   1
744   	    3.66334e+06   	   276   	   0
745   	    3.66334e+06   	   689   	   0
746   	    3.66334e+06   	   867   	   0
747   	    3.66334e+06   	   654   	   1
748   	    3.66334e+06   	   138   	   0
749   	    3.66334e+06   	   715   	   0
750   	    3.66334e+06   	   96   	   1
751   	    3.66334e+06   	   218   	   0
752   	    3.66334e+06   	   311   	   0
753   	    3.66334e+06   	   62   	   0
754   	    3.66334e+06   	   725   	   0
755   	    3.66334e+06   	   863   	   1
756   	    3.66334e+06   	   71   	   1
757   	    3.66334e+06   	   290   	   0
758   	    3.66334e+06   	   296   	   0
759   	    3.66334e+06   	   185   	   1
760   	    3.66334e+06   	   891   	   1
761   	    3.66334e+06   	   606   	   0
762   	    3.66334e+06   	   961   	   1
763   	    3.66334e+06   	   915   	   1
764   	    3.66334e+06   	   221   	   0
765   	    3.66334e+06   	   283   	   0
766   	    3.66334e+06   	   8   	   1
767   	    3.66334e+06   	   965   	   1
768   	    3.66334e+06   	   388   	   0
769   	    3.66334e+06   	   31   	   1
770   	    3.66334e+06   	   315   	   0
771   	    3.66334e+06   	   490   	   0
772   	    3.66334e+06   	   381   	   0
773   	    3.66334e+06   	   72   	   0
774   	    3.66334e+06   	   630   	   0
775   	    3.66334e+06   	   203   	   0
776   	    3.66334e+06   	   486   	   0
777   	    3.66334e+06   	   846   	   0
778   	    3.66334e+06   	   70   	   1
779   	    3.66334e+06   	   336   	   0
780   	    3.66334e+06   	   367   	   0
781   	    3.66334e+06   	   46   	   1
782   	    3.66334e+06   	   912   	   1
783   	    3.66334e+06   	   42   	   1
784   	    3.66334e+06   	   523   	   0
785   	    3.66334e+06   	   379   	   0
786   	    3.66334e+06   	   503   	   0
787   	    3.66334e+06   	   482   	   1
788   	    3.66334e+06   	   389   	   0
789   	    3.66334e+06   	   235   	   0
790   	    3.66334e+06   	   306   	   0
791   	    3.66334e+06   	   604   	   0
792   	    3.66334e+06   	   965   	   1
793   	    3.66334e+06   	   418   	   0
794   	    3.66334e+06   	   977   	   1
795   	    3.66334e+06   	   852   	   0
796   	    3.66334e+06   	   584   	   0
797   	    3.66334e+06   	   439   	   1
798   	    3.66334e+06   	   309   	   1
799   	    3.66334e+06   	   698   	   1
800   	    3.66334e+06   	   286   	   1
801   	    3.66334e+06   	   648   	   1
802   	    3.66334e+06   	   301   	   1
803   	    3.66334e+06   	   446   	   1
804   	    3.66334e+06   	   877   	   0
805   	    3.66334e+06   	   220   	   1
806   	    3.66334e+06   	   560   	   0
807   	    3.66334e+06   	   267   	   0
808   	    3.66334e+06   	   25   	   0
809   	    3.66334e+06   	   335   	   1
810   	    3.66334e+06   	   298   	   1
811   	    3.66334e+06   	   630   	   0
812   	    3.66334e+06   	   278   	   1
813   	    3.66334e+06   	   932   	   1
814   	    3.66334e+06   	   957   	   1
815   	    3.66334e+06   	   401   	   1
816   	    3.66334e+06   	   190   	   0
817   	    3.66334e+06   	   103   	   0
818   	    3.66334e+06   	   370   	   0
819   	    3.66334e+06   	   395   	   0
820   	    3.66335e+06   	   82   	   1
821   	    3.66335e+06   	   468   	   1
822   	    3.66334e+06   	   491   	   1
823   	    3.66334e+06   	   624   	   0
824   	    3.66334e+06   	   556   	   0
825   	    3.66335e+06   	   514   	   1
826   	    3.66335e+06   	   267   	   1
827   	    3.66335e+06   	   442   	   0
828   	    3.66335e+06   	   595   	   0
829   	    3.66335e+06   	   662   	   1
830   	    3.66334e+06   	   82   	   1
831   	    3.66334e+06   	   379   	   0
832   	    3.66334e+06   	   199   	   0
833   	    3.66334e+06   	   43   	   1
834   	    3.66334e+06   	   754   	   1
835   	    3.66334e+06   	   663   	   0
836   	    3.66334e+06   	   529   	   0
837   	    3.66335e+06   	   796   	   1
838   	    3.66335e+06   	   239   	   0
839   	    3.66335e+06   	   186   	   0
840   	    3.66335e+06   	   201   	   1
841   	    3.66335e+06   	   635   	   0
842   	    3.66335e+06   	   764   	   0
843   	    3.66335e+06   	   912   	   1
844   	    3.66335e+06   	   614   	   1
845   	    3.66335e+06   	   820   	   1
846   	    3.66335e+06   	   636   	   1
847   	    3.66335e+06   	   165   	   0
848   	    3.66335e+06   	   313   	   0
849   	    3.66335e+06   	   904   	   1
850   	    3.66335e+06   	   91   	   0
851   	    3.66335e+06   	   644   	   0
852   	    3.66335e+06   	   279   	   1
853   	    3.66335e+06   	   573   	   0
854   	    3.66335e+06   	   145   	   1
855   	    3.66335e+06   	   759   	   0
856   	    3.66335e+06   	   932   	   1
857   	    3.66335e+06   	   228   	   0
858   	    3.66335e+06   	   745   	   0
859   	    3.66335e+06   	   59   	   0
860   	    3.66335e+06   	   963   	   0
861   	    3.66335e+06   	   54   	   0
862   	    3.66335e+06   	   50   	   0
863   	    3.66335e+06   	   330   	   1
864   	    3.66335e+06   	   186   	   0
865   	    3.66335e+06   	   331   	   0
866   	    3.66335e+06   	   442   	   0
867   	    3.66335e+06   	   374   	   0
868   	    3.66334e+06   	   716   	   1
869   	    3.66334e+06   	   794   	   0
870   	    3.66334e+06   	   205   	   1
871   	    3.66334e+06   	   953   	   0
872   	    3.66334e+06   	   43   	   1
873   	    3.66334e+06   	   671   	   0
874   	    3.66334e+06   	   214   	   0
875   	    3.66334e+06   	   421   	   1
876   	    3.66334e+06   	   381   	   0
877   	    3.66334e+06   	   960   	   1
878   	    3.66334e+06   	   780   	   0
879   	    3.66334e+06   	   181   	   1
880   	    3.66334e+06   	   217   	   1
881   	    3.66334e+06   	   58   	   0
882   	    3.66334e+06   	   11   	   0
883   	    3.66334e+06   	   55   	   0
884   	    3.66334e+06   	   805   	   1
885   	    3.66334e+06   	   816   	   1
886   	    3.66334e+06   	   795   	   1
887   	    3.66334e+06   	   176   	   0
888   	    3.66335e+06   	   488   	   1
889   	    3.66335e+06   	   621   	   0
890   	    3.66334e+06   	   154   	   1
891   	    3.66334e+06   	   342   	   0
892   	    3.66335e+06   	   400   	   1
893   	    3.66335e+06   	   764   	   0
894   	    3.66335e+06   	   171   	   0
895   	    3.66335e+06   	   328   	   0
896   	    3.66335e+06   	   145   	   0
897   	    3.66334e+06   	   862   	   1
898   	    3.66334e+06   	   256   	   0
899   	    3.66334e+06   	   745   	   1
900   	    3.66334e+06   	   100   	   1
901   	    3.66334e+06   	   701   	   1
902   	    3.66334e+06   	   872   	   0
903   	    3.66334e+06   	   353   	   0
904   	    3.66334e+06   	   70   	   1
905   	    3.66334e+06   	   788   	   1
906   	    3.66334e+06   	   311   	   1
907   	    3.66334e+06   	   256   	   1
908   	    3.66334e+06   	   534   	   1
909   	    3.66334e+06   	   449   	   1
910   	    3.66334e+06   	   999   	   1
911   	    3.66334e+06   	   879   	   1
912   	    3.66334e+06   	   588   	   1
913   	    3.66335e+06   	   40   	   1
914   	    3.66335e+06   	   970   	   1
915   	    3.66335e+06   	   242   	   1
916   	    3.66335e+06   	   602   	   0
917   	    3.66335e+06   	   843   	   0
918   	    3.66335e+06   	   188   	   0
919   	    3.66335e+06   	   797   	   0
920   	    3.66335e+06   	   339   	   0
921   	    3.66335e+06   	   313   	   0
922   	    3.66335e+06   	   544   	   1
923   	    3.66335e+06   	   520   	   1
924   	    3.66335e+06   	   42   	   1
925   	    3.66335e+06   	   12   	   1
926   	    3.66335e+06   	   606   	   0
927   	    3.66335e+06   	   225   	   1
928   	    3.66335e+06   	   275   	   1
929   	    3.66335e+06   	   981   	   0
930   	    3.66335e+06   	   398   	   1
931   	    3.66335e+06   	   117   	   0
932   	    3.66335e+06   	   316   	   1
933   	    3.66335e+06   	   867   	   0
934   	    3.66335e+06   	   878   	   0
935   	    3.66335e+06   	   80   	   1
936   	    3.66335e+06   	   174   	   0
937   	    3.66335e+06   	   652   	   1
938   	    3.66335e+06   	   84   	   0
939   	    3.66335e+06   	   360   	   0
940   	    3.66335e+06   	   176   	   0
941   	    3.66335e+06   	   789   	   1
942   	    3.66335e+06   	   74   	   1
943   	    3.66335e+06   	   636   	   0
944   	    3.66335e+06   	   503   	   0
945   	    3.66335e+06   	   733   	   0
946   	    3.66335e+06   	   165   	   0
947   	    3.66335e+06   	   692   	   1
948   	    3.66335e+06   	   696   	   1
949   	    3.66335e+06   	   138   	   1
950   	    3.66334e+06   	   796   	   1
951   	    3.66335e+06   	   845   	   1
952   	    3.66335e+06   	   21   	   0
953   	    3.66335e+06   	   162   	   0
954   	    3.66335e+06   	   255   	   1
955   	    3.66335e+06   	   317   	   0
956   	    3.66335e+06   	   190   	   0
957   	    3.66335e+06   	   449   	   0
958   	    3.66334e+06   	   957   	   1
959   	    3.66334e+06   	   964   	   0
960   	    3.66334e+06   	   652   	   1
961   	    3.66334e+06   	   378   	   0
962   	    3.66334e+06   	   223   	   0
963   	    3.66334e+06   	   596   	   1
964   	    3.66334e+06   	   110   	   0
965   	    3.66334e+06   	   15   	   0
966   	    3.66334e+06   	   96   	   0
967   	    3.66334e+06   	   573   	   0
968   	    3.66334e+06   	   610   	   0
969   	    3.66334e+06   	   825   	   0
970   	    3.66334e+06   	   141   	   0
971   	    3.66334e+06   	   793   	   1
972   	    3.66335e+06   	   242   	   1
973   	    3.66335e+06   	   284   	   0
974   	    3.66335e+06   	   416   	   0
975   	    3.66335e+06   	   311   	   0
976   	    3.66335e+06   	   253   	   1
977   	    3.66335e+06   	   896   	   0
978   	    3.66335e+06   	   121   	   0
979   	    3.66335e+06   	   499   	   0
980   	    3.66335e+06   	   834   	   0
981   	    3.66335e+06   	   423   	   0
982   	    3.66335e+06   	   758   	   0
983   	    3.66335e+06   	   617   	   1
984   	    3.66335e+06   	   943   	   0
985   	    3.66335e+06   	   711   	   0
986   	    3.66335e+06   	   23   	   1
987   	    3.66335e+06   	   628   	   0
988   	    3.66335e+06   	   76   	   1
989   	    3.66335e+06   	   631   	   0
990   	    3.66335e+06   	   130   	   0
991   	    3.66335e+06   	   316   	   1
992   	    3.66335e+06   	   739   	   1
993   	    3.66335e+06   	   497   	   0
994   	    3.66335e+06   	   467   	   1
995   	    3.66335e+06   	   927   	   0
996   	    3.66335e+06   	   693   	   0
997   	    3.66335e+06   	   428   	   0
998   	    3.66335e+06   	   933   	   0
999   	    3.66335e+06   	   780   	   1
